11 15 0 1 13 68 75 83 99
11 15 0 1 14 91 86 68 53
11 15 0 1 15 94 71 60 85
11 15 0 1 16 100 97 75 81
11 15 0 1 17 84 54 67 100
11 15 0 1 18 51 57 52 50
11 15 0 1 19 87 85 95 83
11 15 0 1 20 73 60 50 62
11 15 0 1 21 78 98 74 82
11 15 0 1 22 60 70 72 100
11 15 0 1 23 80 73 62 64
11 15 0 1 24 51 54 75 59
11 15 0 1 25 84 57 88 89
11 15 0 1 26 69 52 66 82
11 15 0 1 27 97 94 70 91
11 15 0 1 28 91 91 73 88
11 15 0 1 29 92 50 75 65
11 15 0 1 30 83 100 61 67
13 17 0 7 1 91 58 58 99
13 17 0 7 2 100 83 83 53
13 17 0 7 3 88 93 71 65
13 17 0 7 4 53 57 92 83
13 17 0 7 5 75 69 53 63
13 17 0 7 6 66 73 72 61
13 17 0 7 7 90 73 95 60
13 17 0 7 8 64 94 86 86
13 17 0 7 9 96 89 72 78
