21 19 0 8 19 87 85 95 83
21 19 0 8 20 73 60 50 62
21 19 0 8 21 78 98 74 82
21 19 0 8 22 60 70 72 100
21 19 0 8 23 80 73 62 64
21 19 0 8 24 51 54 75 59
21 19 0 8 25 84 57 88 89
21 19 0 8 26 69 52 66 82
21 19 0 8 27 97 94 70 91
21 19 0 8 28 91 91 73 88
21 19 0 8 29 92 50 75 65
21 19 0 8 30 83 100 61 67
22 15 0 4 1 91 58 58 99
22 15 0 4 2 100 83 83 53
22 15 0 4 3 88 93 71 65
22 15 0 4 4 53 57 92 83
22 15 0 4 5 75 69 53 63
22 15 0 4 6 66 73 72 61
22 15 0 4 7 90 73 95 60
22 15 0 4 8 64 94 86 86
22 15 0 4 9 96 89 72 78
22 15 0 4 10 87 77 81 58
22 15 0 4 11 92 65 92 80
22 15 0 4 12 96 57 76 92
22 15 0 4 13 68 75 83 99
22 15 0 4 14 91 86 68 53
22 15 0 4 15 94 71 60 85
