25 19 0 5 10 87 77 81 58
25 19 0 5 11 92 65 92 80
25 19 0 5 12 96 57 76 92
25 19 0 5 13 68 75 83 99
25 19 0 5 14 91 86 68 53
25 19 0 5 15 94 71 60 85
25 19 0 5 16 100 97 75 81
25 19 0 5 17 84 54 67 100
25 19 0 5 18 51 57 52 50
25 19 0 5 19 87 85 95 83
25 19 0 5 20 73 60 50 62
25 19 0 5 21 78 98 74 82
25 19 0 5 22 60 70 72 100
25 19 0 5 23 80 73 62 64
25 19 0 5 24 51 54 75 59
25 19 0 5 25 84 57 88 89
25 19 0 5 26 69 52 66 82
25 19 0 5 27 97 94 70 91
25 19 0 5 28 91 91 73 88
25 19 0 5 29 92 50 75 65
25 19 0 5 30 83 100 61 67
26 12 0 8 1 91 58 58 99
26 12 0 8 2 100 83 83 53
26 12 0 8 3 88 93 71 65
26 12 0 8 4 53 57 92 83
26 12 0 8 5 75 69 53 63
26 12 0 8 6 66 73 72 61
