27 14 1 2 28 91 91 73 88
27 14 1 2 29 92 50 75 65
27 14 1 2 30 83 100 61 67
28 13 1 10 1 91 58 58 99
28 13 1 10 2 100 83 83 53
28 13 1 10 3 88 93 71 65
28 13 1 10 4 53 57 92 83
28 13 1 10 5 75 69 53 63
28 13 1 10 6 66 73 72 61
28 13 1 10 7 90 73 95 60
28 13 1 10 8 64 94 86 86
28 13 1 10 9 96 89 72 78
28 13 1 10 10 87 77 81 58
28 13 1 10 11 92 65 92 80
28 13 1 10 12 96 57 76 92
28 13 1 10 13 68 75 83 99
28 13 1 10 14 91 86 68 53
28 13 1 10 15 94 71 60 85
28 13 1 10 16 100 97 75 81
28 13 1 10 17 84 54 67 100
28 13 1 10 18 51 57 52 50
28 13 1 10 19 87 85 95 83
28 13 1 10 20 73 60 50 62
28 13 1 10 21 78 98 74 82
28 13 1 10 22 60 70 72 100
28 13 1 10 23 80 73 62 64
28 13 1 10 24 51 54 75 59
