9 20 1 8 19 87 85 95 83
9 20 1 8 20 73 60 50 62
9 20 1 8 21 78 98 74 82
9 20 1 8 22 60 70 72 100
9 20 1 8 23 80 73 62 64
9 20 1 8 24 51 54 75 59
9 20 1 8 25 84 57 88 89
9 20 1 8 26 69 52 66 82
9 20 1 8 27 97 94 70 91
9 20 1 8 28 91 91 73 88
9 20 1 8 29 92 50 75 65
9 20 1 8 30 83 100 61 67
10 19 1 5 1 91 58 58 99
10 19 1 5 2 100 83 83 53
10 19 1 5 3 88 93 71 65
10 19 1 5 4 53 57 92 83
10 19 1 5 5 75 69 53 63
10 19 1 5 6 66 73 72 61
10 19 1 5 7 90 73 95 60
10 19 1 5 8 64 94 86 86
10 19 1 5 9 96 89 72 78
10 19 1 5 10 87 77 81 58
10 19 1 5 11 92 65 92 80
10 19 1 5 12 96 57 76 92
10 19 1 5 13 68 75 83 99
10 19 1 5 14 91 86 68 53
10 19 1 5 15 94 71 60 85
