22 15 0 4 16 100 97 75 81
22 15 0 4 17 84 54 67 100
22 15 0 4 18 51 57 52 50
22 15 0 4 19 87 85 95 83
22 15 0 4 20 73 60 50 62
22 15 0 4 21 78 98 74 82
22 15 0 4 22 60 70 72 100
22 15 0 4 23 80 73 62 64
22 15 0 4 24 51 54 75 59
22 15 0 4 25 84 57 88 89
22 15 0 4 26 69 52 66 82
22 15 0 4 27 97 94 70 91
22 15 0 4 28 91 91 73 88
22 15 0 4 29 92 50 75 65
22 15 0 4 30 83 100 61 67
23 13 0 3 1 91 58 58 99
23 13 0 3 2 100 83 83 53
23 13 0 3 3 88 93 71 65
23 13 0 3 4 53 57 92 83
23 13 0 3 5 75 69 53 63
23 13 0 3 6 66 73 72 61
23 13 0 3 7 90 73 95 60
23 13 0 3 8 64 94 86 86
23 13 0 3 9 96 89 72 78
23 13 0 3 10 87 77 81 58
23 13 0 3 11 92 65 92 80
23 13 0 3 12 96 57 76 92
