6 20 0 8 22 60 70 72 100
6 20 0 8 23 80 73 62 64
6 20 0 8 24 51 54 75 59
6 20 0 8 25 84 57 88 89
6 20 0 8 26 69 52 66 82
6 20 0 8 27 97 94 70 91
6 20 0 8 28 91 91 73 88
6 20 0 8 29 92 50 75 65
6 20 0 8 30 83 100 61 67
7 19 0 9 1 91 58 58 99
7 19 0 9 2 100 83 83 53
7 19 0 9 3 88 93 71 65
7 19 0 9 4 53 57 92 83
7 19 0 9 5 75 69 53 63
7 19 0 9 6 66 73 72 61
7 19 0 9 7 90 73 95 60
7 19 0 9 8 64 94 86 86
7 19 0 9 9 96 89 72 78
7 19 0 9 10 87 77 81 58
7 19 0 9 11 92 65 92 80
7 19 0 9 12 96 57 76 92
7 19 0 9 13 68 75 83 99
7 19 0 9 14 91 86 68 53
7 19 0 9 15 94 71 60 85
7 19 0 9 16 100 97 75 81
7 19 0 9 17 84 54 67 100
7 19 0 9 18 51 57 52 50
