16 14 0 6 1 91 58 58 99
16 14 0 6 2 100 83 83 53
16 14 0 6 3 88 93 71 65
16 14 0 6 4 53 57 92 83
16 14 0 6 5 75 69 53 63
16 14 0 6 6 66 73 72 61
16 14 0 6 7 90 73 95 60
16 14 0 6 8 64 94 86 86
16 14 0 6 9 96 89 72 78
16 14 0 6 10 87 77 81 58
16 14 0 6 11 92 65 92 80
16 14 0 6 12 96 57 76 92
16 14 0 6 13 68 75 83 99
16 14 0 6 14 91 86 68 53
16 14 0 6 15 94 71 60 85
16 14 0 6 16 100 97 75 81
16 14 0 6 17 84 54 67 100
16 14 0 6 18 51 57 52 50
16 14 0 6 19 87 85 95 83
16 14 0 6 20 73 60 50 62
16 14 0 6 21 78 98 74 82
16 14 0 6 22 60 70 72 100
16 14 0 6 23 80 73 62 64
16 14 0 6 24 51 54 75 59
16 14 0 6 25 84 57 88 89
16 14 0 6 26 69 52 66 82
16 14 0 6 27 97 94 70 91
