10 19 1 5 16 100 97 75 81
10 19 1 5 17 84 54 67 100
10 19 1 5 18 51 57 52 50
10 19 1 5 19 87 85 95 83
10 19 1 5 20 73 60 50 62
10 19 1 5 21 78 98 74 82
10 19 1 5 22 60 70 72 100
10 19 1 5 23 80 73 62 64
10 19 1 5 24 51 54 75 59
10 19 1 5 25 84 57 88 89
10 19 1 5 26 69 52 66 82
10 19 1 5 27 97 94 70 91
10 19 1 5 28 91 91 73 88
10 19 1 5 29 92 50 75 65
10 19 1 5 30 83 100 61 67
12 12 1 5 1 91 58 58 99
12 12 1 5 2 100 83 83 53
12 12 1 5 3 88 93 71 65
12 12 1 5 4 53 57 92 83
12 12 1 5 5 75 69 53 63
12 12 1 5 6 66 73 72 61
12 12 1 5 7 90 73 95 60
12 12 1 5 8 64 94 86 86
12 12 1 5 9 96 89 72 78
12 12 1 5 10 87 77 81 58
12 12 1 5 11 92 65 92 80
12 12 1 5 12 96 57 76 92
