16 14 0 6 28 91 91 73 88
16 14 0 6 29 92 50 75 65
16 14 0 6 30 83 100 61 67
19 19 0 3 1 91 58 58 99
19 19 0 3 2 100 83 83 53
19 19 0 3 3 88 93 71 65
19 19 0 3 4 53 57 92 83
19 19 0 3 5 75 69 53 63
19 19 0 3 6 66 73 72 61
19 19 0 3 7 90 73 95 60
19 19 0 3 8 64 94 86 86
19 19 0 3 9 96 89 72 78
19 19 0 3 10 87 77 81 58
19 19 0 3 11 92 65 92 80
19 19 0 3 12 96 57 76 92
19 19 0 3 13 68 75 83 99
19 19 0 3 14 91 86 68 53
19 19 0 3 15 94 71 60 85
19 19 0 3 16 100 97 75 81
19 19 0 3 17 84 54 67 100
19 19 0 3 18 51 57 52 50
19 19 0 3 19 87 85 95 83
19 19 0 3 20 73 60 50 62
19 19 0 3 21 78 98 74 82
19 19 0 3 22 60 70 72 100
19 19 0 3 23 80 73 62 64
19 19 0 3 24 51 54 75 59
