4 18 1 4 22 60 70 72 100
4 18 1 4 23 80 73 62 64
4 18 1 4 24 51 54 75 59
4 18 1 4 25 84 57 88 89
4 18 1 4 26 69 52 66 82
4 18 1 4 27 97 94 70 91
4 18 1 4 28 91 91 73 88
4 18 1 4 29 92 50 75 65
4 18 1 4 30 83 100 61 67
9 20 1 8 1 91 58 58 99
9 20 1 8 2 100 83 83 53
9 20 1 8 3 88 93 71 65
9 20 1 8 4 53 57 92 83
9 20 1 8 5 75 69 53 63
9 20 1 8 6 66 73 72 61
9 20 1 8 7 90 73 95 60
9 20 1 8 8 64 94 86 86
9 20 1 8 9 96 89 72 78
9 20 1 8 10 87 77 81 58
9 20 1 8 11 92 65 92 80
9 20 1 8 12 96 57 76 92
9 20 1 8 13 68 75 83 99
9 20 1 8 14 91 86 68 53
9 20 1 8 15 94 71 60 85
9 20 1 8 16 100 97 75 81
9 20 1 8 17 84 54 67 100
9 20 1 8 18 51 57 52 50
