19 19 0 3 25 84 57 88 89
19 19 0 3 26 69 52 66 82
19 19 0 3 27 97 94 70 91
19 19 0 3 28 91 91 73 88
19 19 0 3 29 92 50 75 65
19 19 0 3 30 83 100 61 67
20 19 0 9 1 91 58 58 99
20 19 0 9 2 100 83 83 53
20 19 0 9 3 88 93 71 65
20 19 0 9 4 53 57 92 83
20 19 0 9 5 75 69 53 63
20 19 0 9 6 66 73 72 61
20 19 0 9 7 90 73 95 60
20 19 0 9 8 64 94 86 86
20 19 0 9 9 96 89 72 78
20 19 0 9 10 87 77 81 58
20 19 0 9 11 92 65 92 80
20 19 0 9 12 96 57 76 92
20 19 0 9 13 68 75 83 99
20 19 0 9 14 91 86 68 53
20 19 0 9 15 94 71 60 85
20 19 0 9 16 100 97 75 81
20 19 0 9 17 84 54 67 100
20 19 0 9 18 51 57 52 50
20 19 0 9 19 87 85 95 83
20 19 0 9 20 73 60 50 62
20 19 0 9 21 78 98 74 82
