13 17 0 7 10 87 77 81 58
13 17 0 7 11 92 65 92 80
13 17 0 7 12 96 57 76 92
13 17 0 7 13 68 75 83 99
13 17 0 7 14 91 86 68 53
13 17 0 7 15 94 71 60 85
13 17 0 7 16 100 97 75 81
13 17 0 7 17 84 54 67 100
13 17 0 7 18 51 57 52 50
13 17 0 7 19 87 85 95 83
13 17 0 7 20 73 60 50 62
13 17 0 7 21 78 98 74 82
13 17 0 7 22 60 70 72 100
13 17 0 7 23 80 73 62 64
13 17 0 7 24 51 54 75 59
13 17 0 7 25 84 57 88 89
13 17 0 7 26 69 52 66 82
13 17 0 7 27 97 94 70 91
13 17 0 7 28 91 91 73 88
13 17 0 7 29 92 50 75 65
13 17 0 7 30 83 100 61 67
14 12 0 5 1 91 58 58 99
14 12 0 5 2 100 83 83 53
14 12 0 5 3 88 93 71 65
14 12 0 5 4 53 57 92 83
14 12 0 5 5 75 69 53 63
14 12 0 5 6 66 73 72 61
