1 15 1 9 28 91 91 73 88
1 15 1 9 29 92 50 75 65
1 15 1 9 30 83 100 61 67
3 20 1 9 1 91 58 58 99
3 20 1 9 2 100 83 83 53
3 20 1 9 3 88 93 71 65
3 20 1 9 4 53 57 92 83
3 20 1 9 5 75 69 53 63
3 20 1 9 6 66 73 72 61
3 20 1 9 7 90 73 95 60
3 20 1 9 8 64 94 86 86
3 20 1 9 9 96 89 72 78
3 20 1 9 10 87 77 81 58
3 20 1 9 11 92 65 92 80
3 20 1 9 12 96 57 76 92
3 20 1 9 13 68 75 83 99
3 20 1 9 14 91 86 68 53
3 20 1 9 15 94 71 60 85
3 20 1 9 16 100 97 75 81
3 20 1 9 17 84 54 67 100
3 20 1 9 18 51 57 52 50
3 20 1 9 19 87 85 95 83
3 20 1 9 20 73 60 50 62
3 20 1 9 21 78 98 74 82
3 20 1 9 22 60 70 72 100
3 20 1 9 23 80 73 62 64
3 20 1 9 24 51 54 75 59
