8 16 0 8 16 100 97 75 81
8 16 0 8 17 84 54 67 100
8 16 0 8 18 51 57 52 50
8 16 0 8 19 87 85 95 83
8 16 0 8 20 73 60 50 62
8 16 0 8 21 78 98 74 82
8 16 0 8 22 60 70 72 100
8 16 0 8 23 80 73 62 64
8 16 0 8 24 51 54 75 59
8 16 0 8 25 84 57 88 89
8 16 0 8 26 69 52 66 82
8 16 0 8 27 97 94 70 91
8 16 0 8 28 91 91 73 88
8 16 0 8 29 92 50 75 65
8 16 0 8 30 83 100 61 67
11 15 0 1 1 91 58 58 99
11 15 0 1 2 100 83 83 53
11 15 0 1 3 88 93 71 65
11 15 0 1 4 53 57 92 83
11 15 0 1 5 75 69 53 63
11 15 0 1 6 66 73 72 61
11 15 0 1 7 90 73 95 60
11 15 0 1 8 64 94 86 86
11 15 0 1 9 96 89 72 78
11 15 0 1 10 87 77 81 58
11 15 0 1 11 92 65 92 80
11 15 0 1 12 96 57 76 92
