24 15 1 9 4 53 57 92 83
24 15 1 9 5 75 69 53 63
24 15 1 9 6 66 73 72 61
24 15 1 9 7 90 73 95 60
24 15 1 9 8 64 94 86 86
24 15 1 9 9 96 89 72 78
24 15 1 9 10 87 77 81 58
24 15 1 9 11 92 65 92 80
24 15 1 9 12 96 57 76 92
24 15 1 9 13 68 75 83 99
24 15 1 9 14 91 86 68 53
24 15 1 9 15 94 71 60 85
24 15 1 9 16 100 97 75 81
24 15 1 9 17 84 54 67 100
24 15 1 9 18 51 57 52 50
24 15 1 9 19 87 85 95 83
24 15 1 9 20 73 60 50 62
24 15 1 9 21 78 98 74 82
24 15 1 9 22 60 70 72 100
24 15 1 9 23 80 73 62 64
24 15 1 9 24 51 54 75 59
24 15 1 9 25 84 57 88 89
24 15 1 9 26 69 52 66 82
24 15 1 9 27 97 94 70 91
24 15 1 9 28 91 91 73 88
24 15 1 9 29 92 50 75 65
24 15 1 9 30 83 100 61 67
