2 16 0 3 28 91 91 73 88
2 16 0 3 29 92 50 75 65
2 16 0 3 30 83 100 61 67
5 12 0 1 1 91 58 58 99
5 12 0 1 2 100 83 83 53
5 12 0 1 3 88 93 71 65
5 12 0 1 4 53 57 92 83
5 12 0 1 5 75 69 53 63
5 12 0 1 6 66 73 72 61
5 12 0 1 7 90 73 95 60
5 12 0 1 8 64 94 86 86
5 12 0 1 9 96 89 72 78
5 12 0 1 10 87 77 81 58
5 12 0 1 11 92 65 92 80
5 12 0 1 12 96 57 76 92
5 12 0 1 13 68 75 83 99
5 12 0 1 14 91 86 68 53
5 12 0 1 15 94 71 60 85
5 12 0 1 16 100 97 75 81
5 12 0 1 17 84 54 67 100
5 12 0 1 18 51 57 52 50
5 12 0 1 19 87 85 95 83
5 12 0 1 20 73 60 50 62
5 12 0 1 21 78 98 74 82
5 12 0 1 22 60 70 72 100
5 12 0 1 23 80 73 62 64
5 12 0 1 24 51 54 75 59
