17 16 1 8 10 87 77 81 58
17 16 1 8 11 92 65 92 80
17 16 1 8 12 96 57 76 92
17 16 1 8 13 68 75 83 99
17 16 1 8 14 91 86 68 53
17 16 1 8 15 94 71 60 85
17 16 1 8 16 100 97 75 81
17 16 1 8 17 84 54 67 100
17 16 1 8 18 51 57 52 50
17 16 1 8 19 87 85 95 83
17 16 1 8 20 73 60 50 62
17 16 1 8 21 78 98 74 82
17 16 1 8 22 60 70 72 100
17 16 1 8 23 80 73 62 64
17 16 1 8 24 51 54 75 59
17 16 1 8 25 84 57 88 89
17 16 1 8 26 69 52 66 82
17 16 1 8 27 97 94 70 91
17 16 1 8 28 91 91 73 88
17 16 1 8 29 92 50 75 65
17 16 1 8 30 83 100 61 67
18 13 1 2 1 91 58 58 99
18 13 1 2 2 100 83 83 53
18 13 1 2 3 88 93 71 65
18 13 1 2 4 53 57 92 83
18 13 1 2 5 75 69 53 63
18 13 1 2 6 66 73 72 61
