28 13 1 10 25 84 57 88 89
28 13 1 10 26 69 52 66 82
28 13 1 10 27 97 94 70 91
28 13 1 10 28 91 91 73 88
28 13 1 10 29 92 50 75 65
28 13 1 10 30 83 100 61 67
29 18 1 5 1 91 58 58 99
29 18 1 5 2 100 83 83 53
29 18 1 5 3 88 93 71 65
29 18 1 5 4 53 57 92 83
29 18 1 5 5 75 69 53 63
29 18 1 5 6 66 73 72 61
29 18 1 5 7 90 73 95 60
29 18 1 5 8 64 94 86 86
29 18 1 5 9 96 89 72 78
29 18 1 5 10 87 77 81 58
29 18 1 5 11 92 65 92 80
29 18 1 5 12 96 57 76 92
29 18 1 5 13 68 75 83 99
29 18 1 5 14 91 86 68 53
29 18 1 5 15 94 71 60 85
29 18 1 5 16 100 97 75 81
29 18 1 5 17 84 54 67 100
29 18 1 5 18 51 57 52 50
29 18 1 5 19 87 85 95 83
29 18 1 5 20 73 60 50 62
29 18 1 5 21 78 98 74 82
