23 13 0 3 13 68 75 83 99
23 13 0 3 14 91 86 68 53
23 13 0 3 15 94 71 60 85
23 13 0 3 16 100 97 75 81
23 13 0 3 17 84 54 67 100
23 13 0 3 18 51 57 52 50
23 13 0 3 19 87 85 95 83
23 13 0 3 20 73 60 50 62
23 13 0 3 21 78 98 74 82
23 13 0 3 22 60 70 72 100
23 13 0 3 23 80 73 62 64
23 13 0 3 24 51 54 75 59
23 13 0 3 25 84 57 88 89
23 13 0 3 26 69 52 66 82
23 13 0 3 27 97 94 70 91
23 13 0 3 28 91 91 73 88
23 13 0 3 29 92 50 75 65
23 13 0 3 30 83 100 61 67
25 19 0 5 1 91 58 58 99
25 19 0 5 2 100 83 83 53
25 19 0 5 3 88 93 71 65
25 19 0 5 4 53 57 92 83
25 19 0 5 5 75 69 53 63
25 19 0 5 6 66 73 72 61
25 19 0 5 7 90 73 95 60
25 19 0 5 8 64 94 86 86
25 19 0 5 9 96 89 72 78
