18 13 1 2 7 90 73 95 60
18 13 1 2 8 64 94 86 86
18 13 1 2 9 96 89 72 78
18 13 1 2 10 87 77 81 58
18 13 1 2 11 92 65 92 80
18 13 1 2 12 96 57 76 92
18 13 1 2 13 68 75 83 99
18 13 1 2 14 91 86 68 53
18 13 1 2 15 94 71 60 85
18 13 1 2 16 100 97 75 81
18 13 1 2 17 84 54 67 100
18 13 1 2 18 51 57 52 50
18 13 1 2 19 87 85 95 83
18 13 1 2 20 73 60 50 62
18 13 1 2 21 78 98 74 82
18 13 1 2 22 60 70 72 100
18 13 1 2 23 80 73 62 64
18 13 1 2 24 51 54 75 59
18 13 1 2 25 84 57 88 89
18 13 1 2 26 69 52 66 82
18 13 1 2 27 97 94 70 91
18 13 1 2 28 91 91 73 88
18 13 1 2 29 92 50 75 65
18 13 1 2 30 83 100 61 67
24 15 1 9 1 91 58 58 99
24 15 1 9 2 100 83 83 53
24 15 1 9 3 88 93 71 65
