5 12 0 1 25 84 57 88 89
5 12 0 1 26 69 52 66 82
5 12 0 1 27 97 94 70 91
5 12 0 1 28 91 91 73 88
5 12 0 1 29 92 50 75 65
5 12 0 1 30 83 100 61 67
6 20 0 8 1 91 58 58 99
6 20 0 8 2 100 83 83 53
6 20 0 8 3 88 93 71 65
6 20 0 8 4 53 57 92 83
6 20 0 8 5 75 69 53 63
6 20 0 8 6 66 73 72 61
6 20 0 8 7 90 73 95 60
6 20 0 8 8 64 94 86 86
6 20 0 8 9 96 89 72 78
6 20 0 8 10 87 77 81 58
6 20 0 8 11 92 65 92 80
6 20 0 8 12 96 57 76 92
6 20 0 8 13 68 75 83 99
6 20 0 8 14 91 86 68 53
6 20 0 8 15 94 71 60 85
6 20 0 8 16 100 97 75 81
6 20 0 8 17 84 54 67 100
6 20 0 8 18 51 57 52 50
6 20 0 8 19 87 85 95 83
6 20 0 8 20 73 60 50 62
6 20 0 8 21 78 98 74 82
