14 12 0 5 7 90 73 95 60
14 12 0 5 8 64 94 86 86
14 12 0 5 9 96 89 72 78
14 12 0 5 10 87 77 81 58
14 12 0 5 11 92 65 92 80
14 12 0 5 12 96 57 76 92
14 12 0 5 13 68 75 83 99
14 12 0 5 14 91 86 68 53
14 12 0 5 15 94 71 60 85
14 12 0 5 16 100 97 75 81
14 12 0 5 17 84 54 67 100
14 12 0 5 18 51 57 52 50
14 12 0 5 19 87 85 95 83
14 12 0 5 20 73 60 50 62
14 12 0 5 21 78 98 74 82
14 12 0 5 22 60 70 72 100
14 12 0 5 23 80 73 62 64
14 12 0 5 24 51 54 75 59
14 12 0 5 25 84 57 88 89
14 12 0 5 26 69 52 66 82
14 12 0 5 27 97 94 70 91
14 12 0 5 28 91 91 73 88
14 12 0 5 29 92 50 75 65
14 12 0 5 30 83 100 61 67
15 20 0 2 1 91 58 58 99
15 20 0 2 2 100 83 83 53
15 20 0 2 3 88 93 71 65
