26 12 0 8 7 90 73 95 60
26 12 0 8 8 64 94 86 86
26 12 0 8 9 96 89 72 78
26 12 0 8 10 87 77 81 58
26 12 0 8 11 92 65 92 80
26 12 0 8 12 96 57 76 92
26 12 0 8 13 68 75 83 99
26 12 0 8 14 91 86 68 53
26 12 0 8 15 94 71 60 85
26 12 0 8 16 100 97 75 81
26 12 0 8 17 84 54 67 100
26 12 0 8 18 51 57 52 50
26 12 0 8 19 87 85 95 83
26 12 0 8 20 73 60 50 62
26 12 0 8 21 78 98 74 82
26 12 0 8 22 60 70 72 100
26 12 0 8 23 80 73 62 64
26 12 0 8 24 51 54 75 59
26 12 0 8 25 84 57 88 89
26 12 0 8 26 69 52 66 82
26 12 0 8 27 97 94 70 91
26 12 0 8 28 91 91 73 88
26 12 0 8 29 92 50 75 65
26 12 0 8 30 83 100 61 67
30 17 0 2 1 91 58 58 99
30 17 0 2 2 100 83 83 53
30 17 0 2 3 88 93 71 65
