3 20 1 9 25 84 57 88 89
3 20 1 9 26 69 52 66 82
3 20 1 9 27 97 94 70 91
3 20 1 9 28 91 91 73 88
3 20 1 9 29 92 50 75 65
3 20 1 9 30 83 100 61 67
4 18 1 4 1 91 58 58 99
4 18 1 4 2 100 83 83 53
4 18 1 4 3 88 93 71 65
4 18 1 4 4 53 57 92 83
4 18 1 4 5 75 69 53 63
4 18 1 4 6 66 73 72 61
4 18 1 4 7 90 73 95 60
4 18 1 4 8 64 94 86 86
4 18 1 4 9 96 89 72 78
4 18 1 4 10 87 77 81 58
4 18 1 4 11 92 65 92 80
4 18 1 4 12 96 57 76 92
4 18 1 4 13 68 75 83 99
4 18 1 4 14 91 86 68 53
4 18 1 4 15 94 71 60 85
4 18 1 4 16 100 97 75 81
4 18 1 4 17 84 54 67 100
4 18 1 4 18 51 57 52 50
4 18 1 4 19 87 85 95 83
4 18 1 4 20 73 60 50 62
4 18 1 4 21 78 98 74 82
