7 19 0 9 19 87 85 95 83
7 19 0 9 20 73 60 50 62
7 19 0 9 21 78 98 74 82
7 19 0 9 22 60 70 72 100
7 19 0 9 23 80 73 62 64
7 19 0 9 24 51 54 75 59
7 19 0 9 25 84 57 88 89
7 19 0 9 26 69 52 66 82
7 19 0 9 27 97 94 70 91
7 19 0 9 28 91 91 73 88
7 19 0 9 29 92 50 75 65
7 19 0 9 30 83 100 61 67
8 16 0 8 1 91 58 58 99
8 16 0 8 2 100 83 83 53
8 16 0 8 3 88 93 71 65
8 16 0 8 4 53 57 92 83
8 16 0 8 5 75 69 53 63
8 16 0 8 6 66 73 72 61
8 16 0 8 7 90 73 95 60
8 16 0 8 8 64 94 86 86
8 16 0 8 9 96 89 72 78
8 16 0 8 10 87 77 81 58
8 16 0 8 11 92 65 92 80
8 16 0 8 12 96 57 76 92
8 16 0 8 13 68 75 83 99
8 16 0 8 14 91 86 68 53
8 16 0 8 15 94 71 60 85
