12 12 1 5 13 68 75 83 99
12 12 1 5 14 91 86 68 53
12 12 1 5 15 94 71 60 85
12 12 1 5 16 100 97 75 81
12 12 1 5 17 84 54 67 100
12 12 1 5 18 51 57 52 50
12 12 1 5 19 87 85 95 83
12 12 1 5 20 73 60 50 62
12 12 1 5 21 78 98 74 82
12 12 1 5 22 60 70 72 100
12 12 1 5 23 80 73 62 64
12 12 1 5 24 51 54 75 59
12 12 1 5 25 84 57 88 89
12 12 1 5 26 69 52 66 82
12 12 1 5 27 97 94 70 91
12 12 1 5 28 91 91 73 88
12 12 1 5 29 92 50 75 65
12 12 1 5 30 83 100 61 67
17 16 1 8 1 91 58 58 99
17 16 1 8 2 100 83 83 53
17 16 1 8 3 88 93 71 65
17 16 1 8 4 53 57 92 83
17 16 1 8 5 75 69 53 63
17 16 1 8 6 66 73 72 61
17 16 1 8 7 90 73 95 60
17 16 1 8 8 64 94 86 86
17 16 1 8 9 96 89 72 78
